EmpID,PositionID,ManagerID,Salary
10238,1,1,63000
10038,1,1,64520
10147,1,1,63003
10182,2,1,49920
10039,2,1,51920
10153,2,1,55000
10142,3,17,59370
10253,3,17,55875
10241,3,17,60120
10165,3,17,71339
10205,3,17,57859
10140,3,17,61809
10304,3,17,59231
10109,3,17,71707
10040,3,17,71860
10041,3,17,68829
10188,3,17,74326
10306,3,17,61568
10167,3,17,70545
10103,3,17,70468
10307,3,21,58273
10013,3,21,64397
10042,3,21,63695
10231,3,21,65310
10121,3,21,63051
10200,3,21,66808
10161,3,21,58370
10124,3,21,61844
10006,3,21,74241
10202,3,21,63291
10305,3,21,70187
10258,3,21,67251
10255,3,21,61555
10239,4,13,95920
10234,4,13,99020
10173,4,13,90100
10197,4,13,96820
10108,5,5,110929
10010,6,2,220450
10086,7,13,150290
10118,8,4,113999
10245,8,4,110000
10112,8,4,97999
10246,8,4,114800
10156,8,4,105700
10193,9,4,83552
10016,9,4,93554
10259,9,4,93093
10229,9,4,88527
10178,9,4,87826
10043,9,4,89292
10162,9,4,89883
10012,9,4,92328
10019,10,2,170500
10272,11,2,180000
10015,12,5,178000
10222,13,5,148999
10288,13,5,157000
10198,13,5,140920
10028,13,5,138888
10273,14,6,65707
10220,14,6,68678
10008,14,6,51777
10119,14,6,66593
10228,14,7,74679
10133,14,7,70621
10101,14,7,61242
10250,14,7,50178
10309,15,7,53366
10045,15,7,76029
10044,15,7,75281
10179,15,7,50750
10151,15,7,52599
10089,16,9,250000
10144,17,2,88976
10289,18,2,83082
10175,18,2,74312
10274,18,2,80512
10092,18,2,82758
10130,18,2,74669
10158,18,2,63682
10105,18,2,75188
10116,18,2,83667
10017,18,2,77915
10001,18,2,72640
10282,18,2,68051
10098,18,2,62957
10090,18,2,65714
10002,19,11,57568
10308,19,11,64057
10240,19,11,64786
10191,19,11,52788
10048,19,11,55140
10018,19,11,57815
10185,19,11,46664
10171,19,11,45998
10310,19,11,53189
10091,19,11,52087
10141,19,11,48413
10047,19,11,50428
10046,19,11,51044
10007,19,11,62065
10170,19,11,45433
10279,19,12,61349
10176,19,12,63973
10311,19,12,56991
10302,19,12,64021
10139,19,12,51908
10301,19,12,48513
10029,19,12,50373
10123,19,12,56339
10037,19,12,52984
10049,19,12,58530
10050,19,12,64724
10003,19,12,62910
10114,19,12,47837
10031,19,12,59892
10020,19,12,63353
10284,19,12,61584
10051,19,14,48285
10177,19,14,53492
10252,19,14,54670
10052,19,14,46120
10207,19,14,46335
10206,19,14,62061
10287,19,14,63025
10053,19,14,54132
10030,19,14,62425
10054,19,14,60627
10227,19,14,61242
10261,19,14,63108
10271,19,14,45046
10164,19,14,47001
10111,19,14,52249
10169,19,16,56147
10056,19,16,57583
10210,19,16,54237
10138,19,16,61154
10296,19,16,59124
10122,19,16,51505
10293,19,16,50274
10251,19,16,64738
10088,19,16,64991
10055,19,16,59026
10148,19,16,63515
10057,19,16,52057
10254,19,16,63430
10058,19,16,45115
10209,19,16,59238
10060,19,18,60436
10059,19,18,63813
10115,19,18,52846
10094,19,18,63381
10022,19,18,49773
10128,19,18,62659
10265,19,18,58709
10247,19,18,48888
10295,19,18,47750
10257,19,18,53171
10021,19,18,47414
10266,19,18,61355
10061,19,18,57834
10225,19,18,59472
10235,19,18,54285
10062,19,19,59365
10204,19,19,58062
10168,19,19,64816
10276,19,19,51259
10129,19,19,46998
10285,19,19,61422
10157,19,19,58939
10208,19,19,46654
10211,19,19,62514
10248,19,19,55425
10063,19,19,48495
10243,19,19,53018
10226,19,19,64919
10219,19,19,45395
10264,19,19,59728
10065,19,20,53180
10242,19,20,47211
10187,19,20,46799
10303,19,20,52674
10256,19,20,49256
10236,19,20,45069
10203,19,20,64375
10064,19,20,60070
10262,19,20,46430
10014,19,20,58523
10278,19,20,47961
10145,19,20,62810
10087,19,20,63676
10216,19,20,57575
10292,19,20,59144
10260,19,22,46428
10117,19,22,63025
10067,19,22,61656
10026,19,22,62506
10068,19,22,55688
10186,19,22,52624
10132,19,22,56149
10125,19,22,54828
10281,19,22,53060
10280,19,22,60340
10034,19,22,46837
10183,19,22,62068
10066,19,22,52505
10192,19,22,50482
10159,19,22,51337
10152,19,22,61729
10189,19,39,57748
10004,19,39,47434
10283,19,39,54933
10070,19,39,55722
10071,19,39,50923
10286,19,39,53564
10011,19,39,46738
10166,19,39,54005
10072,19,39,58371
10154,19,39,60380
10277,19,39,53250
10221,19,39,60754
10069,19,39,50825
10215,19,39,50470
10097,19,39,52177
10107,20,11,63763
10093,20,11,72609
10297,20,11,60270
10073,20,11,68407
10160,20,11,68182
10270,20,11,74813
10275,20,12,64066
10036,20,12,63322
10298,20,12,55800
10217,20,12,74226
10033,20,12,70507
10300,20,12,68898
10213,20,14,58207
10269,20,14,59369
10230,20,14,64971
10237,20,14,66825
10174,20,14,60446
10106,20,14,66074
10201,20,16,69340
10263,20,16,71776
10267,20,16,57815
10027,20,16,60656
10035,20,16,73330
10146,20,16,72202
10104,20,16,66738
10075,20,18,68099
10074,20,18,64246
10100,20,18,58275
10137,20,18,63450
10023,20,18,70131
10233,20,18,57975
10223,20,18,72106
10190,20,19,66541
10009,20,19,60724
10076,20,19,55315
10181,20,19,62162
10032,20,19,57954
10163,20,19,55965
10025,20,20,72460
10249,20,20,61962
10135,20,20,65893
10196,20,20,64955
10218,20,20,66149
10143,20,20,56294
10224,20,20,55578
10095,20,22,63878
10096,20,22,67237
10294,20,22,66441
10120,20,22,74417
10299,20,22,56847
10195,20,30,63478
10214,20,39,64995
10136,20,39,65902
10184,20,39,65288
10268,20,39,67176
10077,20,39,62385
10078,20,39,71966
10099,21,15,65729
10244,21,15,68999
10291,21,15,72992
10079,22,13,87921
10172,22,13,84903
10232,22,13,81584
10134,23,2,93046
10131,23,2,83363
10290,24,10,99280
10110,24,10,105688
10005,24,10,108987
10126,24,10,86214
10024,24,10,92989
10194,24,10,95660
10085,24,10,93396
10155,24,10,101199
10102,24,10,100416
10150,25,5,77692
10081,26,3,106367
10080,26,9,99351
10084,27,4,104437
10082,27,4,100031
10113,28,7,93206
10212,28,7,85028
10083,28,7,92329
10180,28,7,87565
10127,28,7,107226
10149,29,4,120000
10199,30,4,103613
